<?xml version="1.0"?>
<opencv_storage>
<calibration_time>"Sun 28 Apr 2019 12:57:29 AM CDT"</calibration_time>
<nr_of_frames>13</nr_of_frames>
<image_width>1280</image_width>
<image_height>720</image_height>
<board_width>9</board_width>
<board_height>6</board_height>
<square_size>2.2789999842643738e-02</square_size>
<fix_aspect_ratio>1.</fix_aspect_ratio>
<!-- flags: +fix_aspectRatio +fix_principal_point +zero_tangent_dist +fix_k4 +fix_k5 -->
<flags>6158</flags>
<fisheye_model>0</fisheye_model>
<camera_matrix type_id="opencv-matrix">
  <rows>3</rows>
  <cols>3</cols>
  <dt>d</dt>
  <data>
    8.8200108075414585e+02 0. 640. 0. 8.8200108075414585e+02 360. 0. 0.
    1.</data></camera_matrix>
<distortion_coefficients type_id="opencv-matrix">
  <rows>5</rows>
  <cols>1</cols>
  <dt>d</dt>
  <data>
    -3.6820179831442307e-01 1.8397750207877953e-01 0. 0.
    -5.7895335957268895e-02</data></distortion_coefficients>
<avg_reprojection_error>3.7918572687443997e-01</avg_reprojection_error>
<per_view_reprojection_errors type_id="opencv-matrix">
  <rows>13</rows>
  <cols>1</cols>
  <dt>f</dt>
  <data>
    4.25428420e-01 5.53033054e-01 5.54246545e-01 4.90663677e-01
    3.65905285e-01 3.48265201e-01 5.16889811e-01 1.96055621e-01
    1.60235569e-01 3.22921932e-01 2.41625294e-01 2.38721564e-01
    1.68153644e-01</data></per_view_reprojection_errors>
<!-- a set of 6-tuples (rotation vector + translation vector) for each view -->
<extrinsic_parameters type_id="opencv-matrix">
  <rows>13</rows>
  <cols>6</cols>
  <dt>d</dt>
  <data>
    -8.1212396321101499e-02 -1.3449314049720326e-01
    -3.1077482428763714e+00 1.0011721252609639e-01
    5.4260297861516378e-02 2.1274828939944554e-01
    -9.3380257374700473e-02 -1.1363548382244709e-01
    -3.1036232826581087e+00 1.6010746767042697e-01
    4.9841769165245402e-02 2.1226421468503320e-01
    -9.8787708418774350e-02 -1.3087636983108231e-01
    -3.1288758487133936e+00 1.6277925306976745e-01
    3.1751687631771768e-02 2.0956475215910914e-01
    -1.2471176275898077e-01 -8.3654362578588576e-02
    -3.1061100151261414e+00 1.0064261271654014e-01
    4.8530280568073243e-02 1.9381087903048558e-01 1.9873938579001219e-02
    -1.6094142386233237e-01 -3.0839534250383260e+00
    1.7954087549965358e-02 4.5164783894576802e-02 2.0781350634732815e-01
    5.5697565996896160e-02 -2.1347567726688818e-01
    -3.0999662090801645e+00 2.9703709204087197e-02
    6.3036411972000356e-02 2.0837026202824332e-01
    -7.4404556922187282e-02 -1.6326564249901668e-01
    -3.0803973388929022e+00 1.5971841128980210e-01
    6.9983258643979154e-02 2.1860397956253727e-01 7.4366747864731700e-02
    -1.5172197367291987e-01 -3.1071367343859402e+00
    8.8820475481120736e-02 4.7160166003543787e-02 4.2946532420139760e-01
    3.4642282178774486e-01 1.6257670501253085e-01 3.1226222003140434e+00
    2.7973326425847261e-01 -3.7678006363536486e-02
    3.4740275389123426e-01 -3.8493211906341568e-01
    -2.4406078695683397e-01 -3.0710965829033365e+00
    2.2224143304673660e-01 1.0984276760363375e-01 2.9912012517544873e-01
    1.7319244026937847e-01 -1.0648003196671800e-01
    -3.1241541138854427e+00 -5.6265513704740838e-02
    1.0958967482784995e-01 3.0852950441800553e-01 2.4207525098916366e-01
    -5.7025702803598158e-02 -3.1010043012363977e+00
    -7.1506733952898735e-02 -6.9057910800463095e-03
    3.4994594746592461e-01 2.0596185913364613e-02
    -7.1705315741909997e-02 -3.0465605828414071e+00
    9.1635653871134898e-02 5.3390798912284987e-02 4.4411178504339993e-01</data></extrinsic_parameters>
<image_points type_id="opencv-matrix">
  <rows>13</rows>
  <cols>54</cols>
  <dt>"2f"</dt>
  <data>
    1.01737781e+03 5.64689636e+02 9.38389404e+02 5.66802795e+02
    8.54541626e+02 5.67683716e+02 7.66505554e+02 5.67122620e+02
    6.76440552e+02 5.65011902e+02 5.86424805e+02 5.61431946e+02
    4.98620880e+02 5.56425598e+02 4.14621002e+02 5.50261414e+02
    3.36213928e+02 5.43271423e+02 1.02163080e+03 4.79714844e+02
    9.42612976e+02 4.79948639e+02 8.58372986e+02 4.79404907e+02
    7.69959656e+02 4.77867615e+02 6.79300781e+02 4.75565155e+02
    5.88790955e+02 4.72418976e+02 5.00558624e+02 4.68568634e+02
    4.16202179e+02 4.63875214e+02 3.37305908e+02 4.59340881e+02
    1.02350562e+03 3.93786469e+02 9.44556519e+02 3.91873077e+02
    8.60584839e+02 3.89614075e+02 7.72470215e+02 3.87240570e+02
    6.82054932e+02 3.84684143e+02 5.91706055e+02 3.82180206e+02
    5.03591248e+02 3.79453430e+02 4.19364441e+02 3.76856964e+02
    3.40480377e+02 3.74353485e+02 1.02263196e+03 3.09103149e+02
    9.44335571e+02 3.05193909e+02 8.61096619e+02 3.01460388e+02
    7.73774353e+02 2.98208435e+02 6.84331665e+02 2.95432617e+02
    5.94886963e+02 2.93345184e+02 5.07675629e+02 2.91918671e+02
    4.24050018e+02 2.91095764e+02 3.45743256e+02 2.90732910e+02
    1.01929205e+03 2.26398849e+02 9.42003845e+02 2.20572815e+02
    8.60024414e+02 2.15613510e+02 7.74254944e+02 2.11602097e+02
    6.86316833e+02 2.08724457e+02 5.98486267e+02 2.07182190e+02
    5.12561829e+02 2.06736694e+02 4.30319214e+02 2.07520355e+02
    3.52879852e+02 2.09276016e+02 1.01365112e+03 1.47943344e+02
    9.37790222e+02 1.40567810e+02 8.57619995e+02 1.34592255e+02
    7.73668518e+02 1.30005051e+02 6.87950928e+02 1.27043915e+02
    6.02186035e+02 1.25830711e+02 5.18237854e+02 1.26401466e+02
    4.37538147e+02 1.28591782e+02 3.61529480e+02 1.32141144e+02
    1.19073767e+03 5.31748535e+02 1.12912561e+03 5.34874756e+02
    1.06115149e+03 5.37466492e+02 9.86523499e+02 5.39130615e+02
    9.06263245e+02 5.39762451e+02 8.21374084e+02 5.39359253e+02
    7.33630615e+02 5.37631714e+02 6.44622131e+02 5.34590942e+02
    5.56728577e+02 5.30440674e+02 1.19529822e+03 4.54126709e+02
    1.13359521e+03 4.54557526e+02 1.06552454e+03 4.54565735e+02
    9.90815002e+02 4.54185852e+02 9.10186462e+02 4.53095886e+02
    8.25075989e+02 4.51447083e+02 7.36969116e+02 4.49181519e+02
    6.47503906e+02 4.46297913e+02 5.59132385e+02 4.42844330e+02
    1.19652954e+03 3.75688293e+02 1.13504749e+03 3.73387054e+02
    1.06723987e+03 3.70718964e+02 9.92722900e+02 3.68082855e+02
    9.12399231e+02 3.65361664e+02 8.27472412e+02 3.62511810e+02
    7.39540161e+02 3.59624786e+02 6.50342590e+02 3.56888611e+02
    5.62166199e+02 3.54325958e+02 1.19465405e+03 2.98446014e+02
    1.13349988e+03 2.93479828e+02 1.06595300e+03 2.88451508e+02
    9.92137512e+02 2.83626923e+02 9.12384827e+02 2.79179871e+02
    8.28322266e+02 2.75227753e+02 7.41364868e+02 2.71866913e+02
    6.53032654e+02 2.69296143e+02 5.65714844e+02 2.67468201e+02
    1.18983630e+03 2.22812057e+02 1.12913196e+03 2.15319885e+02
    1.06228491e+03 2.08207153e+02 9.89232605e+02 2.01436752e+02
    9.10663574e+02 1.95473343e+02 8.27908508e+02 1.90517700e+02
    7.42368652e+02 1.86752136e+02 6.55688049e+02 1.84353561e+02
    5.69771118e+02 1.83291885e+02 1.18234595e+03 1.50608475e+02
    1.12212061e+03 1.40936722e+02 1.05624792e+03 1.31922791e+02
    9.84320190e+02 1.23625473e+02 9.07345398e+02 1.16438332e+02
    8.26289490e+02 1.10680428e+02 7.42689026e+02 1.06593796e+02
    6.57972961e+02 1.04436462e+02 5.74227966e+02 1.04079315e+02
    1.20674683e+03 4.70865845e+02 1.14525256e+03 4.74221100e+02
    1.07711206e+03 4.77146210e+02 1.00194092e+03 4.79513123e+02
    9.20849426e+02 4.81510284e+02 8.34866699e+02 4.82672638e+02
    7.45718811e+02 4.83142578e+02 6.55107544e+02 4.82504059e+02
    5.65507568e+02 4.81159729e+02 1.20692236e+03 3.91995422e+02
    1.14546130e+03 3.92438660e+02 1.07732068e+03 3.92683228e+02
    1.00241931e+03 3.92882019e+02 9.21163025e+02 3.92929138e+02
    8.35317444e+02 3.92850922e+02 7.46237854e+02 3.92605774e+02
    6.55605774e+02 3.92199280e+02 5.66063843e+02 3.91621704e+02
    1.20373120e+03 3.13389801e+02 1.14245093e+03 3.10901672e+02
    1.07460901e+03 3.08553284e+02 1.00015558e+03 3.06480469e+02
    9.19541931e+02 3.04760468e+02 8.34293335e+02 3.03438629e+02
    7.45844788e+02 3.02585358e+02 6.56102478e+02 3.02322021e+02
    5.67271484e+02 3.02504517e+02 1.19751465e+03 2.36892426e+02
