<?xml version="1.0"?>
<opencv_storage>
<calibration_time>"Fri 22 Mar 2019 01:57:57 PM CDT"</calibration_time>
<nr_of_frames>30</nr_of_frames>
<image_width>1280</image_width>
<image_height>720</image_height>
<board_width>9</board_width>
<board_height>6</board_height>
<square_size>50.</square_size>
<fix_aspect_ratio>1.</fix_aspect_ratio>
<!-- flags: +fix_aspectRatio +fix_principal_point +zero_tangent_dist +fix_k4 +fix_k5 -->
<flags>6158</flags>
<fisheye_model>0</fisheye_model>
<camera_matrix type_id="opencv-matrix">
  <rows>3</rows>
  <cols>3</cols>
  <dt>d</dt>
  <data>
    9.5655452161140977e+02 0. 640. 0. 9.5655452161140977e+02 360. 0. 0.
    1.</data></camera_matrix>
<distortion_coefficients type_id="opencv-matrix">
  <rows>5</rows>
  <cols>1</cols>
  <dt>d</dt>
  <data>
    -4.3477965491933701e-01 2.6364099252064355e-01 0. 0.
    -1.2101436806275777e-01</data></distortion_coefficients>
<avg_reprojection_error>8.7541701640754221e-01</avg_reprojection_error>
<per_view_reprojection_errors type_id="opencv-matrix">
  <rows>30</rows>
  <cols>1</cols>
  <dt>f</dt>
  <data>
    2.98148632e-01 1.11050807e-01 8.79757702e-02 1.28204748e-01
    1.87597796e-01 1.49375558e-01 1.00270979e-01 7.68886283e-02
    1.94949627e-01 1.92272812e-01 3.35564226e-01 4.37757164e-01
    2.09469870e-01 1.05238974e-01 1.91052780e-01 1.20652400e-01
    1.64764434e-01 1.89381406e-01 1.17099926e-01 1.10568441e-01
    1.07174814e-01 6.53756037e-02 3.02663445e+00 3.60041428e+00
    9.06352699e-02 2.10043013e-01 6.41805753e-02 9.30146724e-02
    7.01114684e-02 9.12521183e-02</data></per_view_reprojection_errors>
<!-- a set of 6-tuples (rotation vector + translation vector) for each view -->
<extrinsic_parameters type_id="opencv-matrix">
  <rows>30</rows>
  <cols>6</cols>
  <dt>d</dt>
  <data>
    -8.6027901894743730e-01 1.7990658027221229e-01
    -3.0229341561791023e+00 7.8717807055914761e+02
    1.1320759188679700e+02 1.1997584750899407e+03 3.2003656527471513e-01
    -1.5923694438966599e-01 3.1106505187015858e+00
    4.6886097633876778e+02 4.4475128252611489e+02 1.5773734907002549e+03
    1.7951681861702534e-01 -1.4117380958776510e-01
    3.1093941114811492e+00 -4.5412361851291587e+00
    4.4204752948019859e+02 1.5988894248050292e+03 9.7412870815058594e-01
    -2.1974789442816410e-02 -2.8516848063436107e+00
    -7.9825727226989659e+02 5.6805415414608876e+02
    1.8937542376235431e+03 7.9608507009178764e-01 5.9473644973760106e-02
    -2.9438812224793942e+00 -7.7479777620830725e+02
    1.6621908505885995e+02 1.8318554266642400e+03
    -5.4830947236340111e-01 -1.9108595345485535e-01
    3.0550830252494441e+00 -2.2635163308570893e+02
    -3.4136836949101234e+02 1.7749073523191589e+03
    4.7160036398993710e-01 1.8925625965164053e-01
    -3.0934343449093094e+00 1.7755752972219625e+02
    -2.4864932868805255e+02 1.7139307535987562e+03
    -4.1240496025646622e-01 -2.7083555248694652e-01
    3.0503878740984285e+00 1.3624581624962008e+02 3.2844698202347352e+01
    1.7514717109692319e+03 5.5802385265751653e-01 2.3604503764014950e-01
    -3.0502528735350802e+00 -4.4311357843721021e+02
    6.7813936324790134e+01 1.6236728085628743e+03 3.1428410836613530e-01
    -1.1970552241723005e-01 3.0970903434576651e+00
    6.4193585834258454e+02 1.2751049954690710e+02 1.7254788483625671e+03
    -2.2326793878329249e-01 5.3004558842603099e-02
    -3.0793227817451916e+00 2.5037591093755498e+02
    1.4715224177523294e+02 7.4964329121754281e+02
    -1.5148441351023070e-01 4.4085303416149982e-02
    -3.0873164112131692e+00 4.0463962030280601e+02
    1.5262591185125689e+02 7.5117460008445255e+02
    -1.0384140503651136e+00 -1.0445722996661326e+00
    -2.1923268235019160e+00 1.5927618368995007e+02
    1.2250196726943526e+02 1.0905856091484504e+03
    -1.6720022363686922e+00 -2.1617535476874766e-01
    -2.4701130770520523e+00 4.9381005318402111e+02
    1.7909398355224170e+02 1.0797486091076796e+03 9.5300987194944542e-01
    -4.1820024102949044e-01 -2.1135502547594136e+00
    1.0161449280710471e+02 2.3542339299099868e+02 1.1167806580952874e+03
    -9.8466952779070949e-01 -4.7634229092845848e-01
    2.5060879748371412e+00 2.8825021919830522e+02 3.0473423401048880e+01
    1.3338579149886739e+03 -1.2364014012760662e+00
    -6.1514888581248672e-01 2.2467456067137044e+00
    1.6452274161657348e+02 -2.2311989764474767e+01
    1.3362814422808381e+03 1.6039378017075803e+00 9.1359525089849958e-02
    2.5774864492952778e+00 2.4091203471596975e+02 1.2406798824262144e+02
    8.3873934783641073e+02 -1.0485951059224226e+00
    -1.5346424580573548e-01 -2.9074712617938747e+00
    2.2841808875236975e+02 1.4980477226267183e+02 9.6867632897433077e+02
    -2.2799578872270715e-01 1.4082664810549357e-02
    -3.0459540789045025e+00 6.3123214668652042e+02
    9.7022608643937946e+00 2.9025184415081617e+03
    -6.9030710460788214e-01 6.7450783679991563e-02
    -3.0406365223039415e+00 9.8628767526772663e+02
    7.4141878525420735e+00 2.2996025570274542e+03
    -5.2275246866074576e-01 1.1594100567392336e-01
    -3.0204015594716527e+00 6.3528711414395696e+02
    4.6824674630106571e+01 2.4935942361748789e+03
    -1.3649186275513803e+00 2.0306229081020563e-01
    -2.6554647970089897e+00 -1.1493002231155737e+02
    4.9450281141535783e+01 2.4712478690812172e+03 1.9067755745582380e+00
    -2.7644141124671773e-01 2.2611288176600635e+00
    5.7925146736249053e+02 5.9366680872766210e+01 1.5858538673292744e+03
    -3.5297803497121244e-01 -1.9263288641952350e-01
    -3.0889616806786662e+00 5.8783094897689296e+02
    5.2686868460546854e+01 2.1330042200356693e+03
    -3.9223953763365627e-01 -1.8795985930554887e-01
    -3.0535626650083567e+00 7.0970627618961657e+02
    7.5152977432643965e+01 1.3178786265223328e+03
    -3.5029850321843442e-01 -6.6820631826349213e-03
    -3.0234651677119819e+00 -1.0865679431811118e+02
    1.0053940602469235e+02 1.6690754812083037e+03
    -7.2737849107705854e-01 1.5293904762092173e-02
    -3.0165063427076619e+00 3.2437736839718764e+02
    -1.4283309231048833e+02 1.3868845701330490e+03
    -3.9888611830084791e-01 3.5165169577813134e-02
    -2.9932099684491225e+00 -2.5171170468517812e+02
    2.6102311083724931e+02 1.5909440506315711e+03 5.9621050049848556e-01
    -1.6874019497187129e-01 3.0098545155158716e+00
    3.1426167927533976e+02 2.8568619716107503e+02 1.4143707542655345e+03</data></extrinsic_parameters>
