<?xml version="1.0"?>
<opencv_storage>
<calibration_time>"Sun 28 Apr 2019 12:40:45 AM CDT"</calibration_time>
<nr_of_frames>16</nr_of_frames>
<image_width>1280</image_width>
<image_height>720</image_height>
<board_width>9</board_width>
<board_height>6</board_height>
<square_size>2.2789999842643738e-02</square_size>
<fix_aspect_ratio>1.</fix_aspect_ratio>
<!-- flags: +fix_aspectRatio +fix_principal_point +zero_tangent_dist +fix_k4 +fix_k5 -->
<flags>6158</flags>
<fisheye_model>0</fisheye_model>
<camera_matrix type_id="opencv-matrix">
  <rows>3</rows>
  <cols>3</cols>
  <dt>d</dt>
  <data>
    9.6848085797355009e+02 0. 640. 0. 9.6848085797355009e+02 360. 0. 0.
    1.</data></camera_matrix>
<distortion_coefficients type_id="opencv-matrix">
  <rows>5</rows>
  <cols>1</cols>
  <dt>d</dt>
  <data>
    -4.3927531331725828e-01 2.6317484443226025e-01 0. 0.
    -9.9331952846763508e-02</data></distortion_coefficients>
<avg_reprojection_error>1.8093987864553132e-01</avg_reprojection_error>
<per_view_reprojection_errors type_id="opencv-matrix">
  <rows>16</rows>
  <cols>1</cols>
  <dt>f</dt>
  <data>
    2.52165645e-01 2.03303710e-01 2.17925519e-01 2.31314331e-01
    2.29383707e-01 2.23284721e-01 1.43794313e-01 1.80181056e-01
    1.04063176e-01 9.55598801e-02 1.62816584e-01 2.14282751e-01
    1.76131025e-01 1.08295798e-01 1.16901815e-01 1.16154067e-01</data></per_view_reprojection_errors>
<!-- a set of 6-tuples (rotation vector + translation vector) for each view -->
<extrinsic_parameters type_id="opencv-matrix">
  <rows>16</rows>
  <cols>6</cols>
  <dt>d</dt>
  <data>
    1.1381697848454042e-01 -1.0074304440756521e-02
    -1.2239326493273616e-02 -9.7043461146237103e-02
    -5.9546982331938267e-02 2.4112128701569496e-01
    1.2794245051791928e-01 -5.2095786406038777e-02
    -2.3011575430311203e-02 -1.3007734248914168e-04
    -6.5093608082252827e-02 2.5273460176113993e-01
    8.3362072811275084e-02 3.1798899876429552e-02
    -5.2878190384040413e-03 -1.9791259787174834e-02
    -3.4863094628748419e-02 2.7287131026184552e-01
    1.5497661350469755e-01 1.6181492697219125e-02
    -1.3145872416256762e-03 -1.6357343281175635e-01
    -4.4370941071970912e-02 2.4234278857892561e-01
    1.7339531701881056e-01 5.0366840851842849e-02 5.4019620264911562e-02
    -1.6425264600847700e-01 -6.9144075515759879e-02
    2.3790183805611331e-01 2.2031381916695533e-01
    -5.6329743298668578e-02 4.8512776661678240e-02
    -1.0939736971467710e-01 -7.2839200703020121e-02
    2.4494830231982828e-01 2.0702792561035743e-01 6.8966695927986632e-01
    1.7161362770868741e-01 -1.1029626550261745e-01
    -9.0493583377460524e-02 3.3397163349654013e-01
    1.5366851599157733e-01 -8.5315502808170185e-01
    2.7810146837347050e-02 -5.9534960650847672e-02
    -6.3146855238935054e-02 2.2193408302697995e-01
    1.7346656577936684e-01 -1.7167782324593883e-01
    4.9909736057226255e-02 -9.8430030841495375e-02
    -8.9566151216105200e-02 4.6800015728956224e-01
    1.9557752319199806e-01 -1.6702025324623673e-01
    6.8077017191512754e-02 -1.2694409032116771e-01
    -1.5261315363754310e-01 4.4434713582380569e-01
    2.6949283913991529e-01 -1.3835588450916281e-01
    6.5218525672289140e-02 -2.6477400410750201e-01
    -1.2446748931849928e-01 3.4711497233396860e-01
    1.2181570260413319e-01 -1.6379474292276194e-01
    4.3207347764336136e-02 -2.4182760614931303e-01
    -3.1378529923937943e-03 3.2851214514277965e-01
    1.0208714391815489e-01 -1.0498807772453371e-01
    5.9378620425535062e-03 -7.3860537012984756e-02
    4.2779490702034477e-03 3.8266485640504044e-01 6.7397715043245793e-02
    2.5601384114637271e-01 -4.1341399415214593e-02
    1.1767975456579115e-01 3.4483524871098681e-02 4.4564761874729197e-01
    8.9011605248889375e-02 1.6125446842443081e-01
    -3.2628191106108193e-02 1.2498221020712920e-01
    -3.4862628095066878e-02 4.4291625104074350e-01
    8.3221179955537766e-02 1.9845793141059592e-01
    -9.7666253052301026e-03 8.4872555352776352e-02
    -1.2935233172923699e-01 3.9134426387323518e-01</data></extrinsic_parameters>
